objectid,id,gstopid,gstoptype,gstopparen,parentid,gwheelchairboarding
1,2001,519075,0,,,
2,2002,519076,0,,,
3,2003,519077,0,,,
4,2004,519078,0,,,
5,2005,519079,0,,,
6,2006,519080,0,,,
7,2007,519081,0,,,
8,2008,519082,0,,,
9,2009,519083,0,,,
10,2010,519084,0,,,
11,2011,519086,0,,,
12,2012,519087,0,,,
13,2013,519088,0,,,
14,2014,519089,0,,,
15,2015,519090,0,,,
16,2016,519092,0,,,
17,2017,519093,0,,,
18,2018,519094,0,,,
19,2019,519095,0,,,
20,2020,519096,0,,,
21,2021,519097,0,,,
22,2022,519098,0,,,
23,2023,519099,0,,,
24,2024,519100,0,,,
25,2025,519101,0,,,
26,2026,519103,0,,,
27,2027,519104,0,,,
28,2028,519105,0,,,
29,2029,519106,0,,,
30,2030,519107,0,,,
31,2031,519108,0,,,
32,2032,519109,0,,,
33,2033,519110,0,,,
34,2034,519111,0,,,
35,2035,519112,0,,,
36,2036,519113,0,,,
37,2037,519115,0,,,
38,2038,519117,0,,,
39,2039,519121,0,,,
40,2040,519122,0,,,
41,2041,519123,0,,,
42,1,50005,1,,,
43,2042,519124,0,,,
44,2043,519125,0,,,
45,2044,519126,0,,,
46,2045,519127,0,,,
47,2046,519128,0,,,
48,2047,519129,0,,,
49,2,500051,0,,,
50,2048,519130,0,,,
51,3,500052,0,,,
52,2049,519131,0,,,
53,4,500053,0,,,
54,5,500054,0,,,
55,2050,519132,0,,,
56,2051,519133,0,,,
57,6,500055,0,,,
58,7,500056,0,,,
59,2052,519135,0,,,
60,2053,519136,0,,,
61,8,500058,0,,,
62,9,50010,1,,,
63,2054,519138,0,,,
64,1001,513237,0,,,
65,2055,519139,0,,,
66,10,500100,0,50010,9.0,
67,1002,513238,0,,,
68,11,500101,0,50010,9.0,
69,2056,519140,0,,,
70,1003,513239,0,,,
71,12,500102,0,50010,9.0,
72,2057,519141,0,,,
73,1004,513240,0,,,
74,13,500103,0,50010,9.0,
75,2058,519142,0,,,
76,1005,513241,0,,,
77,14,500104,0,50010,9.0,
78,2059,519144,0,,,
79,1006,513242,0,,,
80,15,500105,0,50010,9.0,
81,2060,519160,0,,,
82,1007,513243,0,,,
83,16,500106,0,50010,9.0,
84,2061,519161,0,,,
85,1008,513244,0,,,
86,17,500107,0,50010,9.0,
87,2062,519162,0,,,
88,1009,513245,0,,,
89,18,500110,0,50010,9.0,
90,2063,519163,0,,,
91,1010,513246,0,,,
92,19,500111,0,50010,9.0,
93,2064,519164,0,,,
94,1011,513247,0,,,
95,20,50015,1,,,
96,2065,519165,0,,,
97,1012,513248,0,,,
98,21,500150,0,,,
99,2066,519166,0,,,
100,1013,513250,0,,,
101,22,500151,0,,,
102,2067,519167,0,,,
103,2068,519173,0,,,
104,2069,519174,0,,,
105,2070,519175,0,,,
106,2071,519176,0,,,
107,2072,519181,0,,,
108,2073,519182,0,,,
109,2074,519183,0,,,
110,2075,519184,0,,,
111,2076,519185,0,,,
112,2077,519186,0,,,
113,2078,519187,0,,,
114,2079,519188,0,,,
115,2080,519189,0,,,
116,2081,519190,0,,,
117,2082,519191,0,,,
118,2083,519192,0,,,
119,2084,519193,0,,,
120,2085,519194,0,,,
121,2086,519195,0,,,
122,2087,519196,0,,,
123,2088,519197,0,,,
124,2089,519198,0,,,
125,2090,519199,0,,,
126,2091,519200,0,,,
127,2092,519201,0,,,
128,2093,519202,0,,,
129,2094,519204,0,,,
130,2095,519207,0,,,
131,2096,519263,0,,,
132,2097,519264,0,,,
133,2098,519266,0,,,
134,2099,519270,0,,,
135,2100,519280,0,,,
136,2101,519284,0,,,
137,2102,519288,0,,,
138,2103,519289,0,,,
139,2104,519290,0,,,
140,2105,519292,0,,,
141,2106,519293,0,,,
142,2107,519294,0,,,
143,1014,513252,0,,,
144,23,500152,0,,,
145,1015,513257,0,,,
146,24,500153,0,,,
147,1016,513258,0,,,
148,25,500154,0,,,
149,1017,513259,0,,,
150,26,500155,0,,,
151,1018,513260,0,,,
152,27,500156,0,,,
153,1019,513261,0,,,
154,28,500157,0,,,
155,1020,513262,0,,,
156,29,500158,0,50015,20.0,
157,1021,513264,0,,,
158,30,500159,0,50015,20.0,
159,1022,513265,0,,,
160,31,500160,0,50015,20.0,
161,1023,513267,0,,,
162,32,500161,0,50015,20.0,
163,1024,513268,0,,,
164,33,500162,0,50015,20.0,
165,1025,513269,0,,,
166,34,500163,0,50015,20.0,
167,1026,513270,0,,,
168,35,500164,0,50015,20.0,
169,1027,513271,0,,,
170,36,500165,0,50015,20.0,
171,1028,513273,0,,,
172,37,50020,1,,,
173,1029,513275,0,,,
174,38,500200,0,50020,37.0,
175,1030,513276,0,,,
176,39,500201,0,50020,37.0,
177,1031,513277,0,,,
178,40,500203,0,50020,37.0,
179,1032,513279,0,,,
180,41,500250,0,,,
181,1033,513280,0,,,
182,42,500251,0,,,
183,1034,513282,0,,,
184,43,500300,0,,,
185,1035,513284,0,,,
186,44,500301,0,,,
187,1036,513286,0,,,
188,45,500350,0,,,
189,1037,513287,0,,,
190,46,500353,0,,,
191,1038,513289,0,,,
192,47,500400,0,,,
193,1039,513291,0,,,
194,48,500401,0,,,
195,1040,513292,0,,,
196,49,500450,0,,,
197,1041,513293,0,,,
198,50,500451,0,,,
199,1042,513294,0,,,
200,1043,513301,0,,,
201,1044,513302,0,,,
202,1045,513303,0,,,
203,1046,513304,0,,,
204,1047,513308,0,,,
205,1048,513309,0,,,
206,1049,513310,0,,,
207,1050,513311,0,,,
208,1051,513312,0,,,
209,1052,513325,0,,,
210,1053,513326,0,,,
211,1054,513327,0,,,
212,1055,513328,0,,,
213,1056,513329,0,,,
214,1057,513330,0,,,
215,1058,514001,0,,,
216,1059,514017,0,,,
217,1060,514019,0,,,
218,1061,514020,0,,,
219,1062,514021,0,,,
220,1063,514023,0,,,
221,1064,514024,0,,,
222,1065,514025,0,,,
223,1066,514026,0,,,
224,1067,514027,0,,,
225,1068,514028,0,,,
226,1069,514029,0,,,
227,1070,514030,0,,,
228,1071,514031,0,,,
229,1072,514032,0,,,
230,1073,514033,0,,,
231,1074,514035,0,,,
232,1075,514036,0,,,
233,1076,514037,0,,,
234,1077,514038,0,,,
235,1078,514039,0,,,
236,1079,514040,0,,,
237,1080,514041,0,,,
238,1081,514042,0,,,
239,1082,514044,0,,,
240,1083,514045,0,,,
241,1084,514046,0,,,
242,1085,514047,0,,,
243,1086,514048,0,,,
244,1087,514049,0,,,
245,1088,514050,0,,,
246,1089,514051,0,,,
247,1090,514052,0,,,
248,1091,514053,0,,,
249,1092,514054,0,,,
250,1093,514055,0,,,
251,1094,514056,0,,,
252,1095,514058,0,,,
253,1096,514067,0,,,
254,1097,514068,0,,,
255,1098,514069,0,,,
256,1099,514070,0,,,
257,1100,514071,0,,,
258,1101,514072,0,,,
259,1102,514073,0,,,
260,1103,514074,0,,,
261,1104,514076,0,,,
262,1105,514077,0,,,
263,1106,514080,0,,,
264,1107,514081,0,,,
265,1108,514082,0,,,
266,1109,514083,0,,,
267,1110,514084,0,,,
268,1111,514085,0,,,
269,1112,514086,0,,,
270,1113,514087,0,,,
271,1114,514088,0,,,
272,1115,514090,0,,,
273,1116,514091,0,,,
274,1117,514092,0,,,
275,1118,514095,0,,,
276,1119,514096,0,,,
277,1120,514097,0,,,
278,1121,514098,0,,,
279,1122,514099,0,,,
280,1123,514111,0,,,
281,1124,514113,0,,,
282,1125,514114,0,,,
283,1126,514115,0,,,
284,1127,514116,0,,,
285,1128,514119,0,,,
286,1129,514120,0,,,
287,1130,514121,0,,,
288,1131,514122,0,,,
289,1132,514123,0,,,
290,1133,514124,0,,,
291,1134,514125,0,,,
292,1135,514126,0,,,
293,1136,514128,0,,,
294,1137,514129,0,,,
295,1138,514130,0,,,
296,1139,514131,0,,,
297,1140,514132,0,,,
298,1141,514133,0,,,
299,1142,514134,0,,,
300,1143,514147,0,,,
301,1144,514152,0,,,
302,1145,514153,0,,,
303,1146,514154,0,,,
304,1147,514155,0,,,
305,1148,514156,0,,,
306,1149,514157,0,,,
307,1150,514161,0,,,
308,1151,514162,0,,,
309,1152,514170,0,,,
310,1153,514171,0,,,
311,1154,514172,0,,,
312,1155,514173,0,,,
313,1156,514174,0,,,
314,1157,514175,0,,,
315,1158,514176,0,,,
316,1159,514177,0,,,
317,1160,514178,0,,,
318,1161,514179,0,,,
319,1162,514180,0,,,
320,1163,514181,0,,,
321,1164,514182,0,,,
322,1165,514183,0,,,
323,1166,514184,0,,,
324,1167,514185,0,,,
325,1168,514186,0,,,
326,1169,514189,0,,,
327,1170,514190,0,,,
328,1171,514192,0,,,
329,1172,514193,0,,,
330,1173,514194,0,,,
331,1174,514195,0,,,
332,1175,514196,0,,,
333,1176,514197,0,,,
334,1177,514198,0,,,
335,1178,514199,0,,,
336,1179,514200,0,,,
337,1180,514201,0,,,
338,1181,514202,0,,,
339,1182,514206,0,,,
340,1183,514207,0,,,
341,1184,514208,0,,,
342,1185,514209,0,,,
343,1186,514210,0,,,
344,1187,514211,0,,,
345,1188,514212,0,,,
346,1189,514213,0,,,
347,1190,514214,0,,,
348,1191,514215,0,,,
349,1192,514218,0,,,
350,1193,514219,0,,,
351,1194,514220,0,,,
352,1195,514232,0,,,
353,1196,514233,0,,,
354,1197,514235,0,,,
355,1198,514236,0,,,
356,1199,514246,0,,,
357,1200,514257,0,,,
358,1201,514262,0,,,
359,1202,514269,0,,,
360,1203,514270,0,,,
361,1204,514271,0,,,
362,1205,514273,0,,,
363,1206,514274,0,,,
364,1207,514275,0,,,
365,1208,514276,0,,,
366,1209,514277,0,,,
367,1210,514278,0,,,
368,1211,514279,0,,,
369,1212,514285,0,,,
370,1213,514286,0,,,
371,1214,514287,0,,,
372,1215,514288,0,,,
373,1216,514289,0,,,
374,1217,514291,0,,,
375,1218,514301,0,,,
376,1219,514302,0,,,
377,1220,514303,0,,,
378,1221,514304,0,,,
379,1222,514305,0,,,
380,1223,514306,0,,,
381,1224,514307,0,,,
382,1225,514308,0,,,
383,1226,514309,0,,,
384,1227,514312,0,,,
385,1228,514313,0,,,
386,1229,514314,0,,,
387,1230,514326,0,,,
388,1231,514333,0,,,
389,1232,514337,0,,,
390,1233,514338,0,,,
391,1234,514339,0,,,
392,1235,514340,0,,,
393,1236,514341,0,,,
394,1237,514342,0,,,
395,1238,514343,0,,,
396,1239,514345,0,,,
397,1240,514346,0,,,
398,1241,514347,0,,,
399,1242,514348,0,,,
400,1243,514349,0,,,
401,1244,514350,0,,,
402,1245,514354,0,,,
403,1246,514355,0,,,
404,1247,514356,0,,,
405,1248,514357,0,,,
406,1249,514358,0,,,
407,1250,514359,0,,,
408,1251,514365,0,,,
409,1252,514367,0,,,
410,1253,514368,0,,,
411,1254,514369,0,,,
412,1255,514370,0,,,
413,1256,514371,0,,,
414,1257,514372,0,,,
415,1258,514373,0,,,
416,1259,514374,0,,,
417,1260,514376,0,,,
418,1261,514377,0,,,
419,1262,514378,0,,,
420,1263,514379,0,,,
421,1264,514381,0,,,
422,1265,514382,0,,,
423,1266,514384,0,,,
424,1267,514386,0,,,
425,1268,514387,0,,,
426,1269,514388,0,,,
427,1270,514390,0,,,
428,1271,514392,0,,,
429,1272,514396,0,,,
430,1273,514398,0,,,
431,1274,514400,0,,,
432,1275,514401,0,,,
433,1276,514403,0,,,
434,1277,514404,0,,,
435,1278,514408,0,,,
436,1279,514411,0,,,
437,1280,514415,0,,,
438,1281,514416,0,,,
439,1282,514417,0,,,
440,1283,514421,0,,,
441,1284,514424,0,,,
442,1285,514427,0,,,
443,1286,514428,0,,,
444,1287,514429,0,,,
445,1288,514431,0,,,
446,1289,514441,0,,,
447,1290,514442,0,,,
448,1291,514443,0,,,
449,1292,514445,0,,,
450,1293,514446,0,,,
451,1294,514449,0,,,
452,1295,514466,0,,,
453,1296,514467,0,,,
454,1297,514468,0,,,
455,1298,514469,0,,,
456,1299,514470,0,,,
457,1300,514473,0,,,
458,1301,514474,0,,,
459,1302,514477,0,,,
460,1303,514478,0,,,
461,1304,514481,0,,,
462,1305,514482,0,,,
463,1306,514483,0,,,
464,1307,514484,0,,,
465,1308,514485,0,,,
466,1309,514487,0,,,
467,1310,514489,0,,,
468,1311,514490,0,,,
469,1312,514491,0,,,
470,1313,514494,0,,,
471,1314,514495,0,,,
472,1315,514496,0,,,
473,1316,514497,0,,,
474,1317,514498,0,,,
475,1318,514507,0,,,
476,1319,514508,0,,,
477,1320,514529,0,,,
478,1321,514530,0,,,
479,1322,514531,0,,,
480,1323,514532,0,,,
481,1324,514534,0,,,
482,1325,514535,0,,,
483,1326,514537,0,,,
484,1327,514538,0,,,
485,1328,514539,0,,,
486,1329,514541,0,,,
487,1330,514545,0,,,
488,1331,514546,0,,,
489,1332,514547,0,,,
490,1333,514548,0,,,
491,1334,514549,0,,,
492,1335,514550,0,,,
493,1336,514551,0,,,
494,1337,514552,0,,,
495,1338,514553,0,,,
496,1339,514554,0,,,
497,1340,514555,0,,,
498,1341,514556,0,,,
499,1342,514557,0,,,
500,1343,514559,0,,,
501,1344,514560,0,,,
502,1345,514561,0,,,
503,1346,514562,0,,,
504,1347,514563,0,,,
505,1348,514564,0,,,
506,1349,514565,0,,,
507,1350,514566,0,,,
508,1351,514567,0,,,
509,1352,514568,0,,,
510,1353,514569,0,,,
511,1354,514570,0,,,
512,1355,514571,0,,,
513,1356,514572,0,,,
514,1357,514573,0,,,
515,1358,514580,0,,,
516,1359,514581,0,,,
517,1360,514582,0,,,
518,1361,514583,0,,,
519,1362,515001,0,,,
520,1363,515002,0,,,
521,1364,515003,0,,,
522,1365,515006,0,,,
523,1366,515007,0,,,
524,1367,515008,0,,,
525,1368,515009,0,,,
526,1369,515010,0,,,
527,1370,515011,0,,,
528,1371,515012,0,,,
529,1372,515013,0,,,
530,1373,515014,0,,,
531,1374,515015,0,,,
532,1375,515016,0,,,
533,1376,515017,0,,,
534,1377,515018,0,,,
535,1378,515019,0,,,
536,1379,515020,0,,,
537,1380,515021,0,,,
538,1381,515022,0,,,
539,1382,515023,0,,,
540,1383,515025,0,,,
541,1384,515026,0,,,
542,1385,515027,0,,,
543,1386,515028,0,,,
544,1387,515034,0,,,
545,1388,515036,0,,,
546,1389,515037,0,,,
547,1390,515040,0,,,
548,1391,515041,0,,,
549,1392,515042,0,,,
550,1393,515043,0,,,
551,1394,515044,0,,,
552,1395,515045,0,,,
553,1396,515046,0,,,
554,1397,515048,0,,,
555,1398,515049,0,,,
556,1399,515050,0,,,
557,1400,515051,0,,,
558,1401,515052,0,,,
559,1402,515054,0,,,
560,1403,515057,0,,,
561,1404,515058,0,,,
562,1405,515059,0,,,
563,1406,515060,0,,,
564,1407,515061,0,,,
565,1408,515062,0,,,
566,1409,515064,0,,,
567,1410,515069,0,,,
568,1411,515070,0,,,
569,1412,515071,0,,,
570,1413,515077,0,,,
571,1414,515078,0,,,
572,1415,515079,0,,,
573,1416,515080,0,,,
574,1417,515081,0,,,
575,1418,515086,0,,,
576,1419,515087,0,,,
577,1420,515088,0,,,
578,1421,515090,0,,,
579,1422,515091,0,,,
580,1423,515092,0,,,
581,1424,515093,0,,,
582,1425,515094,0,,,
583,1426,515095,0,,,
584,1427,515096,0,,,
585,1428,515100,0,,,
586,1429,515101,0,,,
587,1430,515102,0,,,
588,1431,515103,0,,,
589,1432,515111,0,,,
590,1433,515113,0,,,
591,1434,515114,0,,,
592,1435,515115,0,,,
593,1436,515116,0,,,
594,1437,515122,0,,,
595,1438,515125,0,,,
596,1439,515126,0,,,
597,1440,515132,0,,,
598,1441,515138,0,,,
599,1442,515139,0,,,
600,1443,515140,0,,,
601,1444,515141,0,,,
602,1445,515146,0,,,
603,1446,515150,0,,,
604,1447,515151,0,,,
605,1448,515152,0,,,
606,1449,515153,0,,,
607,1450,515156,0,,,
608,1451,515157,0,,,
609,1452,515158,0,,,
610,1453,515160,0,,,
611,1454,515161,0,,,
612,1455,515166,0,,,
613,1456,515167,0,,,
614,1457,515168,0,,,
615,1458,515169,0,,,
616,1459,515171,0,,,
617,1460,515178,0,,,
618,1461,515180,0,,,
619,1462,515181,0,,,
620,1463,515185,0,,,
621,1464,515186,0,,,
622,1465,515187,0,,,
623,1466,515188,0,,,
624,1467,515189,0,,,
625,1468,515194,0,,,
626,1469,515196,0,,,
627,1470,515197,0,,,
628,1471,515198,0,,,
629,1472,515199,0,,,
630,1473,515201,0,,,
631,1474,515202,0,,,
632,1475,515205,0,,,
633,1476,515206,0,,,
634,1477,515207,0,,,
635,1478,515208,0,,,
636,1479,515209,0,,,
637,1480,515210,0,,,
638,1481,515212,0,,,
639,1482,515213,0,,,
640,1483,515214,0,,,
641,1484,515237,0,,,
642,1485,515238,0,,,
643,1486,515239,0,,,
644,1487,515240,0,,,
645,1488,515241,0,,,
646,1489,515245,0,,,
647,1490,515246,0,,,
648,1491,515250,0,,,
649,1492,515260,0,,,
650,1493,515280,0,,,
651,1494,516004,0,,,
652,1495,516005,0,,,
653,1496,516006,0,,,
654,1497,516007,0,,,
655,1498,516008,0,,,
656,1499,516009,0,,,
657,1500,516010,0,,,
658,1501,516011,0,,,
659,1502,516014,0,,,
660,1503,516015,0,,,
661,1504,516016,0,,,
662,1505,516017,0,,,
663,1506,516018,0,,,
664,1507,516019,0,,,
665,1508,516020,0,,,
666,1509,516021,0,,,
667,1510,516022,0,,,
668,1511,516023,0,,,
669,1512,516025,0,,,
670,1513,516026,0,,,
671,1514,516027,0,,,
672,1515,516028,0,,,
673,1516,516029,0,,,
674,1517,516030,0,,,
675,1518,516031,0,,,
676,1519,516032,0,,,
677,1520,516033,0,,,
678,1521,516034,0,,,
679,1522,516035,0,,,
680,1523,516036,0,,,
681,1524,516037,0,,,
682,1525,516038,0,,,
683,1526,516039,0,,,
684,1527,516040,0,,,
685,1528,516041,0,,,
686,1529,516042,0,,,
687,1530,516043,0,,,
688,1531,516044,0,,,
689,1532,516047,0,,,
690,1533,516048,0,,,
691,1534,516050,0,,,
692,1535,516051,0,,,
693,1536,516052,0,,,
694,1537,516053,0,,,
695,1538,516054,0,,,
696,1539,516055,0,,,
697,1540,516056,0,,,
698,1541,516057,0,,,
699,1542,516058,0,,,
700,1543,516059,0,,,
701,1544,516060,0,,,
702,1545,516061,0,,,
703,1546,516062,0,,,
704,1547,516063,0,,,
705,1548,516064,0,,,
706,1549,516065,0,,,
707,1550,516066,0,,,
708,1551,516067,0,,,
709,1552,516068,0,,,
710,1553,516069,0,,,
711,1554,516070,0,,,
712,1555,516071,0,,,
713,1556,516072,0,,,
714,1557,516073,0,,,
715,1558,516074,0,,,
716,1559,516076,0,,,
717,1560,516077,0,,,
718,1561,516078,0,,,
719,1562,516079,0,,,
720,1563,516080,0,,,
721,1564,516081,0,,,
722,1565,516082,0,,,
723,1566,516083,0,,,
724,1567,516084,0,,,
725,1568,516085,0,,,
726,1569,516086,0,,,
727,1570,516087,0,,,
728,1571,516088,0,,,
729,1572,516089,0,,,
730,1573,516090,0,,,
731,1574,516092,0,,,
732,1575,516093,0,,,
733,1576,516094,0,,,
734,1577,516096,0,,,
735,1578,516097,0,,,
736,1579,516101,0,,,
737,1580,516102,0,,,
738,1581,516106,0,,,
739,1582,516107,0,,,
740,1583,516108,0,,,
741,1584,516110,0,,,
742,1585,516114,0,,,
743,1586,516115,0,,,
744,1587,516116,0,,,
745,1588,516117,0,,,
746,1589,516118,0,,,
747,1590,516119,0,,,
748,1591,516121,0,,,
749,1592,516122,0,,,
750,1593,516123,0,,,
751,1594,516124,0,,,
752,1595,516125,0,,,
753,1596,516126,0,,,
754,1597,516127,0,,,
755,1598,516128,0,,,
756,1599,516129,0,,,
757,1600,516130,0,,,
758,1601,516131,0,,,
759,1602,516132,0,,,
760,1603,516133,0,,,
761,1604,516137,0,,,
762,1605,516138,0,,,
763,1606,516139,0,,,
764,1607,516142,0,,,
765,1608,516143,0,,,
766,1609,516145,0,,,
767,1610,516146,0,,,
768,1611,516147,0,,,
769,1612,516148,0,,,
770,1613,516149,0,,,
771,1614,516166,0,,,
772,1615,516167,0,,,
773,1616,516172,0,,,
774,1617,516173,0,,,
775,1618,516175,0,,,
776,1619,516176,0,,,
777,1620,516177,0,,,
778,1621,516178,0,,,
779,1622,516179,0,,,
780,1623,516182,0,,,
781,1624,516183,0,,,
782,1625,516184,0,,,
783,1626,516185,0,,,
784,1627,516186,0,,,
785,1628,516187,0,,,
786,1629,516192,0,,,
787,1630,516193,0,,,
788,1631,516194,0,,,
789,1632,516196,0,,,
790,1633,516197,0,,,
791,1634,516198,0,,,
792,1635,516200,0,,,
793,1636,516202,0,,,
794,1637,516203,0,,,
795,1638,516204,0,,,
796,1639,516205,0,,,
797,1640,516206,0,,,
798,1641,516207,0,,,
799,1642,516209,0,,,
800,1643,516211,0,,,
801,1644,516212,0,,,
802,1645,516213,0,,,
803,1646,516214,0,,,
804,1647,516215,0,,,
805,1648,516216,0,,,
806,1649,516217,0,,,
807,1650,516218,0,,,
808,1651,516219,0,,,
809,1652,516220,0,,,
810,1653,516221,0,,,
811,1654,516224,0,,,
812,1655,516225,0,,,
813,1656,516226,0,,,
814,1657,516227,0,,,
815,1658,516228,0,,,
816,1659,516231,0,,,
817,1660,516232,0,,,
818,1661,516233,0,,,
819,1662,516234,0,,,
820,1663,516235,0,,,
821,1664,516236,0,,,
822,1665,516237,0,,,
823,1666,516238,0,,,
824,1667,516239,0,,,
825,1668,516240,0,,,
826,1669,516241,0,,,
827,1670,516242,0,,,
828,1671,516244,0,,,
829,1672,516245,0,,,
830,1673,516246,0,,,
831,1674,516247,0,,,
832,1675,516248,0,,,
833,1676,516250,0,,,
834,1677,516251,0,,,
835,1678,516252,0,,,
836,1679,516254,0,,,
837,1680,516255,0,,,
838,1681,516256,0,,,
839,1682,516257,0,,,
840,1683,516262,0,,,
841,1684,516263,0,,,
842,1685,516264,0,,,
843,1686,516265,0,,,
844,1687,516266,0,,,
845,1688,516267,0,,,
846,1689,516268,0,,,
847,1690,516270,0,,,
848,1691,516276,0,,,
849,1692,516277,0,,,
850,1693,516279,0,,,
851,1694,516283,0,,,
852,1695,516285,0,,,
853,1696,516286,0,,,
854,1697,516287,0,,,
855,1698,516288,0,,,
856,1699,516289,0,,,
857,1700,516290,0,,,
858,1701,516291,0,,,
859,1702,516292,0,,,
860,1703,516293,0,,,
861,1704,516294,0,,,
862,1705,516295,0,,,
863,1706,517002,0,,,
864,1707,517006,0,,,
865,1708,517007,0,,,
866,1709,517008,0,,,
867,1710,517009,0,,,
868,1711,517010,0,,,
869,1712,517011,0,,,
870,1713,517012,0,,,
871,1714,517013,0,,,
872,1715,517014,0,,,
873,1716,517015,0,,,
874,1717,517016,0,,,
875,1718,517017,0,,,
876,1719,517018,0,,,
877,1720,517020,0,,,
878,1721,517021,0,,,
879,1722,517023,0,,,
880,1723,517025,0,,,
881,1724,517026,0,,,
882,1725,517027,0,,,
883,1726,517028,0,,,
884,1727,517029,0,,,
885,1728,517030,0,,,
886,1729,517031,0,,,
887,1730,517032,0,,,
888,1731,517033,0,,,
889,1732,517034,0,,,
890,1733,517035,0,,,
891,1734,517037,0,,,
892,1735,517038,0,,,
893,1736,517039,0,,,
894,1737,517041,0,,,
895,1738,517042,0,,,
896,1739,517043,0,,,
897,1740,517045,0,,,
898,1741,517046,0,,,
899,1742,517050,0,,,
900,1743,517052,0,,,
901,1744,517058,0,,,
902,1745,517059,0,,,
903,1746,517060,0,,,
904,1747,517061,0,,,
905,1748,517062,0,,,
906,1749,517063,0,,,
907,1750,517064,0,,,
908,1751,517076,0,,,
909,1752,517077,0,,,
910,1753,517078,0,,,
911,1754,517083,0,,,
912,1755,517084,0,,,
913,1756,517090,0,,,
914,1757,517091,0,,,
915,1758,517093,0,,,
916,1759,517096,0,,,
917,1760,517097,0,,,
918,1761,517102,0,,,
919,1762,517103,0,,,
920,1763,517104,0,,,
921,1764,517105,0,,,
922,1765,517106,0,,,
923,1766,517107,0,,,
924,1767,517108,0,,,
925,1768,517109,0,,,
926,1769,517110,0,,,
927,1770,517111,0,,,
928,1771,517113,0,,,
929,1772,517115,0,,,
930,1773,517117,0,,,
931,1774,517119,0,,,
932,1775,517121,0,,,
933,1776,517122,0,,,
934,1777,517123,0,,,
935,1778,517125,0,,,
936,1779,517126,0,,,
937,1780,517129,0,,,
938,1781,517131,0,,,
939,1782,517132,0,,,
940,1783,517133,0,,,
941,1784,517134,0,,,
942,1785,517143,0,,,
943,1786,517144,0,,,
944,1787,517147,0,,,
945,1788,517150,0,,,
946,1789,517151,0,,,
947,1790,517152,0,,,
948,1791,517154,0,,,
949,1792,517155,0,,,
950,1793,517156,0,,,
951,1794,517159,0,,,
952,1795,517162,0,,,
953,1796,517163,0,,,
954,1797,517164,0,,,
955,1798,517165,0,,,
956,1799,517166,0,,,
957,1800,517167,0,,,
958,1801,517168,0,,,
959,1802,517169,0,,,
960,1803,517173,0,,,
961,1804,517174,0,,,
962,1805,517175,0,,,
963,1806,517176,0,,,
964,1807,517177,0,,,
965,1808,517178,0,,,
966,1809,517179,0,,,
967,1810,517180,0,,,
968,1811,517182,0,,,
969,1812,517183,0,,,
970,1813,517184,0,,,
971,1814,517185,0,,,
972,1815,517186,0,,,
973,1816,517187,0,,,
974,1817,517188,0,,,
975,1818,517189,0,,,
976,1819,517190,0,,,
977,1820,517200,0,,,
978,1821,517203,0,,,
979,1822,517204,0,,,
980,1823,517205,0,,,
981,1824,517207,0,,,
982,1825,517208,0,,,
983,1826,517209,0,,,
984,1827,517210,0,,,
985,1828,517211,0,,,
986,1829,517212,0,,,
987,1830,517213,0,,,
988,1831,517214,0,,,
989,1832,517215,0,,,
990,1833,517216,0,,,
991,1834,517217,0,,,
992,1835,517218,0,,,
993,1836,517219,0,,,
994,1837,517220,0,,,
995,1838,517221,0,,,
996,1839,517222,0,,,
997,1840,517223,0,,,
998,1841,517224,0,,,
999,1842,517225,0,,,
1000,1843,517226,0,,,
1001,1844,517227,0,,,
1002,1845,517228,0,,,
1003,1846,517229,0,,,
1004,1847,517230,0,,,
1005,1848,517231,0,,,
1006,1849,517232,0,,,
1007,1850,517244,0,,,
1008,1851,517247,0,,,
1009,1852,517248,0,,,
1010,1853,517249,0,,,
1011,1854,517250,0,,,
1012,1855,517251,0,,,
1013,1856,517253,0,,,
1014,1857,517254,0,,,
1015,1858,517255,0,,,
1016,1859,517269,0,,,
1017,1860,517270,0,,,
1018,1861,517271,0,,,
1019,1862,517272,0,,,
1020,1863,517273,0,,,
1021,1864,517275,0,,,
1022,1865,517276,0,,,
1023,1866,517277,0,,,
1024,1867,517278,0,,,
1025,1868,517279,0,,,
1026,1869,517280,0,,,
1027,1870,517290,0,,,
1028,1871,517291,0,,,
1029,1872,517292,0,,,
1030,1873,517293,0,,,
1031,1874,517294,0,,,
1032,1875,517295,0,,,
1033,1876,517296,0,,,
1034,1877,517297,0,,,
1035,1878,517298,0,,,
1036,1879,517299,0,,,
1037,1880,517300,0,,,
1038,1881,517301,0,,,
1039,1882,518001,0,,,
1040,1883,518003,0,,,
1041,1884,518004,0,,,
1042,1885,518005,0,,,
1043,1886,518006,0,,,
1044,1887,518009,0,,,
1045,1888,518010,0,,,
1046,1889,518011,0,,,
1047,1890,518012,0,,,
1048,1891,518013,0,,,
1049,1892,518016,0,,,
1050,1893,518018,0,,,
1051,1894,518019,0,,,
1052,1895,518020,0,,,
1053,1896,518021,0,,,
1054,1897,518022,0,,,
1055,1898,518023,0,,,
1056,1899,518024,0,,,
1057,1900,518025,0,,,
1058,1901,518027,0,,,
1059,1902,518031,0,,,
1060,1903,518033,0,,,
1061,1904,518034,0,,,
1062,1905,518035,0,,,
1063,1906,518036,0,,,
1064,1907,518037,0,,,
1065,1908,518038,0,,,
1066,1909,518040,0,,,
1067,1910,518045,0,,,
1068,1911,518046,0,,,
1069,1912,518058,0,,,
1070,1913,518069,0,,,
1071,1914,518070,0,,,
1072,1915,518071,0,,,
1073,1916,518072,0,,,
1074,1917,518073,0,,,
1075,1918,518074,0,,,
1076,1919,518075,0,,,
1077,1920,518077,0,,,
1078,1921,518081,0,,,
1079,1922,518082,0,,,
1080,1923,518083,0,,,
1081,1924,518084,0,,,
1082,1925,518085,0,,,
1083,1926,518097,0,,,
1084,1927,518098,0,,,
1085,1928,518102,0,,,
1086,1929,518103,0,,,
1087,1930,518105,0,,,
1088,1931,518125,0,,,
1089,1932,518128,0,,,
1090,1933,518131,0,,,
1091,1934,518132,0,,,
1092,1935,518133,0,,,
1093,1936,518134,0,,,
1094,1937,518135,0,,,
1095,1938,518137,0,,,
1096,1939,518143,0,,,
1097,1940,518152,0,,,
1098,1941,518153,0,,,
1099,1942,518154,0,,,
1100,1943,518156,0,,,
1101,1944,518157,0,,,
1102,1945,518158,0,,,
1103,1946,518159,0,,,
1104,1947,518160,0,,,
1105,1948,518161,0,,,
1106,1949,518162,0,,,
1107,1950,518163,0,,,
1108,1951,518165,0,,,
1109,1952,518175,0,,,
1110,1953,518176,0,,,
1111,1954,518177,0,,,
1112,1955,518185,0,,,
1113,1956,518188,0,,,
1114,1957,518194,0,,,
1115,1958,519013,0,,,
1116,1959,519015,0,,,
1117,1960,519016,0,,,
1118,1961,519017,0,,,
1119,1962,519018,0,,,
1120,1963,519019,0,,,
1121,1964,519020,0,,,
1122,1965,519021,0,,,
1123,1966,519022,0,,,
1124,1967,519025,0,,,
1125,1968,519026,0,,,
1126,1969,519027,0,,,
1127,1970,519028,0,,,
1128,1971,519029,0,,,
1129,1972,519030,0,,,
1130,1973,519031,0,,,
1131,1974,519034,0,,,
1132,1975,519035,0,,,
1133,1976,519038,0,,,
1134,1977,519039,0,,,
1135,1978,519040,0,,,
1136,1979,519041,0,,,
1137,1980,519043,0,,,
1138,1981,519045,0,,,
1139,1982,519047,0,,,
1140,1983,519048,0,,,
1141,1984,519049,0,,,
1142,1985,519050,0,,,
1143,1986,519051,0,,,
1144,1987,519052,0,,,
1145,1988,519054,0,,,
1146,1989,519059,0,,,
1147,1990,519062,0,,,
1148,1991,519065,0,,,
1149,1992,519066,0,,,
1150,1993,519067,0,,,
1151,1994,519068,0,,,
1152,1995,519069,0,,,
1153,1996,519070,0,,,
1154,1997,519071,0,,,
1155,1998,519072,0,,,
1156,1999,519073,0,,,
1157,2000,519074,0,,,
1158,51,50050,1,,,
1159,52,500500,0,50050,51.0,
1160,53,50060,1,,,
1161,54,500600,0,50060,53.0,
1162,55,500601,0,50060,53.0,
1163,56,500602,0,50060,53.0,
1164,57,500603,0,50060,53.0,
1165,58,50065,1,,,
1166,59,500650,0,50065,58.0,
1167,60,50070,1,,,
1168,61,500700,0,50070,60.0,
1169,62,500750,0,,,
1170,63,500751,0,,,
1171,64,50080,1,,,
1172,65,500800,0,50080,64.0,
1173,66,500850,0,,,
1174,67,500851,0,,,
1175,68,500950,0,,,
1176,69,50100,1,,,
1177,70,501000,0,50100,69.0,
1178,71,501001,0,50100,69.0,
1179,72,501002,0,50100,69.0,
1180,73,501003,0,50100,69.0,
1181,74,50105,1,,,
1182,75,501050,0,50105,74.0,
1183,76,501051,0,50105,74.0,
1184,77,501052,0,50105,74.0,
1185,78,501053,0,50105,74.0,
1186,79,501100,0,,,
1187,80,501101,0,,,
1188,81,501150,0,,,
1189,82,501151,0,,,
1190,83,501200,0,,,
1191,84,501201,0,,,
1192,85,501250,0,,,
1193,86,501251,0,,,
1194,87,501300,0,,,
1195,88,501301,0,,,
1196,89,501350,0,,,
1197,90,501351,0,,,
1198,91,50140,1,,,
1199,92,501401,0,50140,91.0,
1200,93,501402,0,50140,91.0,
1201,94,501403,0,50140,91.0,
1202,95,501405,0,50140,91.0,
1203,96,50145,1,,,
1204,97,501452,0,50145,96.0,
1205,98,50150,1,,,
1206,99,501500,0,50150,98.0,
1207,100,501501,0,50150,98.0,
1208,101,501502,0,50150,98.0,
1209,102,50155,1,,,
1210,103,501550,0,50155,102.0,
1211,104,501551,0,50155,102.0,
1212,105,501552,0,50155,102.0,
1213,106,50160,1,,,
1214,107,501600,0,50160,106.0,
1215,108,501601,0,50160,106.0,
1216,109,501602,0,50160,106.0,
1217,110,501603,0,50160,106.0,
1218,111,50165,1,,,
1219,112,501650,0,50165,111.0,
1220,113,501651,0,50165,111.0,
1221,114,501652,0,50165,111.0,
1222,115,501653,0,50165,111.0,
1223,116,50170,1,,,
1224,117,501700,0,50170,116.0,
1225,118,501701,0,50170,116.0,
1226,119,501702,0,50170,116.0,
1227,120,501703,0,50170,116.0,
1228,121,50175,1,,,
1229,122,501750,0,50175,121.0,
1230,123,501751,0,50175,121.0,
1231,124,501752,0,50175,121.0,
1232,125,501753,0,50175,121.0,
1233,126,50180,1,,,
1234,127,501800,0,50180,126.0,
1235,128,501801,0,50180,126.0,
1236,129,501802,0,50180,126.0,
1237,130,501803,0,50180,126.0,
1238,131,50185,1,,,
1239,132,501850,0,50185,131.0,
1240,133,501851,0,50185,131.0,
1241,134,501852,0,50185,131.0,
1242,135,501853,0,50185,131.0,
1243,136,501854,0,50185,131.0,
1244,137,501855,0,50185,131.0,
1245,138,501900,0,,,
1246,139,501901,0,,,
1247,140,501950,0,,,
1248,141,501951,0,,,
1249,142,502000,0,,,
1250,143,502001,0,,,
1251,144,502050,0,,,
1252,145,502051,0,,,
1253,146,50210,1,,,
1254,147,502100,0,50210,146.0,
1255,148,502101,0,50210,146.0,
1256,149,502102,0,50210,146.0,
1257,150,502103,0,50210,146.0,
1258,151,50215,1,,,
1259,152,502150,0,,,
1260,153,502151,0,,,
1261,154,502200,0,,,
1262,155,502201,0,,,
1263,156,502250,0,,,
1264,157,502251,0,,,
1265,158,50230,1,,,
1266,159,502300,0,50230,158.0,
1267,160,502301,0,50230,158.0,
1268,161,502302,0,50230,158.0,
1269,162,502303,0,50230,158.0,
1270,163,502304,0,50230,158.0,
1271,164,502305,0,50230,158.0,
1272,165,502309,0,50230,158.0,
1273,166,502310,0,50230,158.0,
1274,167,502311,0,50230,158.0,
1275,168,502312,0,50230,158.0,
1276,169,502313,0,50230,158.0,
1277,170,502314,0,50230,158.0,
1278,171,502315,0,50230,158.0,
1279,172,502350,0,,,
1280,173,502351,0,,,
1281,174,502400,0,,,
1282,175,502401,0,,,
1283,176,502450,0,,,
1284,177,502451,0,,,
1285,178,502500,0,,,
1286,179,502501,0,,,
1287,180,502550,0,,,
1288,181,502551,0,,,
1289,182,502600,0,,,
1290,183,502601,0,,,
1291,184,502650,0,,,
1292,185,502651,0,,,
1293,186,502700,0,,,
1294,187,502701,0,,,
1295,188,502750,0,,,
1296,189,502751,0,,,
1297,190,502800,0,,,
1298,191,502801,0,,,
1299,192,502850,0,,,
1300,193,502851,0,,,
1301,194,502900,0,,,
1302,195,502901,0,,,
1303,196,502950,0,,,
1304,197,502951,0,,,
1305,198,50300,1,,,
1306,199,503001,0,,,
1307,200,503002,0,,,
1308,201,503003,0,,,
1309,202,503004,0,,,
1310,203,503005,0,,,
1311,204,503006,0,,,
1312,205,503007,0,,,
1313,206,503008,0,,,
1314,207,503009,0,,,
1315,208,503010,0,,,
1316,209,503011,0,,,
1317,210,503012,0,,,
1318,211,50340,1,,,
1319,212,503401,0,50340,211.0,
1320,213,50345,1,,,
1321,214,503451,0,50345,213.0,
1322,215,50350,1,,,
1323,216,503501,0,50350,215.0,
1324,217,50355,1,,,
1325,218,503551,0,50355,217.0,
1326,219,50400,1,,,
1327,220,504001,0,50400,219.0,
1328,221,504003,0,50400,219.0,
1329,222,504004,0,50400,219.0,
1330,223,504006,0,50400,219.0,
1331,224,504008,0,50400,219.0,
1332,225,504009,0,50400,219.0,
1333,226,504010,0,50400,219.0,
1334,227,504011,0,50400,219.0,
1335,228,504016,0,,,
1336,229,504018,0,,,
1337,230,50405,1,,,
1338,231,504051,0,50405,230.0,
1339,232,504052,0,50405,230.0,
1340,233,504053,0,50405,230.0,
1341,234,504055,0,50405,230.0,
1342,235,504056,0,50405,230.0,
1343,236,504057,0,50405,230.0,
1344,237,504058,0,50405,230.0,
1345,238,504059,0,50405,230.0,
1346,239,504061,0,50405,230.0,
1347,240,504066,0,50405,230.0,
1348,241,504067,0,50405,230.0,
1349,242,504068,0,50405,230.0,
1350,243,504069,0,50405,230.0,
1351,244,504070,0,50405,230.0,
1352,245,50410,1,,,
1353,246,504103,0,50410,245.0,
1354,247,504105,0,50410,245.0,
1355,248,504106,0,50410,245.0,
1356,249,504107,0,50410,245.0,
1357,250,504108,0,50410,245.0,
1358,251,504109,0,50410,245.0,
1359,252,504110,0,50410,245.0,
1360,253,504112,0,50410,245.0,
1361,254,504113,0,50410,245.0,
1362,255,504114,0,50410,245.0,
1363,256,504115,0,50410,245.0,
1364,257,504116,0,50410,245.0,
1365,258,504117,0,50410,245.0,
1366,259,504118,0,50410,245.0,
1367,260,504250,0,,,
1368,261,504253,0,,,
1369,262,504301,0,,,
1370,263,504302,0,,,
1371,264,504350,0,,,
1372,265,504351,0,,,
1373,266,504401,0,,,
1374,267,504402,0,,,
1375,268,504450,0,,,
1376,269,504451,0,,,
1377,270,504501,0,,,
1378,271,504502,0,,,
1379,272,504550,0,,,
1380,273,504553,0,,,
1381,274,504601,0,,,
1382,275,504602,0,,,
1383,276,504651,0,,,
1384,277,504652,0,,,
1385,278,504701,0,,,
1386,279,504702,0,,,
1387,280,504800,0,,,
1388,281,504801,0,,,
1389,282,504850,0,,,
1390,283,504851,0,,,
1391,284,504900,0,,,
1392,285,504901,0,,,
1393,286,504950,0,,,
1394,287,504951,0,,,
1395,288,505000,0,,,
1396,289,505001,0,,,
1397,290,505050,0,,,
1398,291,505051,0,,,
1399,292,505100,0,,,
1400,293,505101,0,,,
1401,294,505150,0,,,
1402,295,505151,0,,,
1403,296,505201,0,,,
1404,297,505202,0,,,
1405,298,505250,0,,,
1406,299,505253,0,,,
1407,300,505301,0,,,
1408,301,505302,0,,,
1409,302,505351,0,,,
1410,303,505352,0,,,
1411,304,50540,1,,,
1412,305,505400,0,,,
1413,306,505401,0,,,
1414,307,511000,0,,,
1415,308,511001,0,,,
1416,309,511002,0,,,
1417,310,511005,0,,,
1418,311,511006,0,,,
1419,312,511008,0,,,
1420,313,511009,0,,,
1421,314,511010,0,,,
1422,315,511011,0,,,
1423,316,511012,0,,,
1424,317,511013,0,,,
1425,318,511014,0,,,
1426,319,511015,0,,,
1427,320,511017,0,,,
1428,321,511019,0,,,
1429,322,511020,0,,,
1430,323,511021,0,,,
1431,324,511022,0,,,
1432,325,511023,0,,,
1433,326,511024,0,,,
1434,327,511031,0,,,
1435,328,511033,0,,,
1436,329,511034,0,,,
1437,330,511035,0,,,
1438,331,511036,0,,,
1439,332,511037,0,,,
1440,333,511038,0,,,
1441,334,511039,0,,,
1442,335,511040,0,,,
1443,336,511043,0,,,
1444,337,511044,0,,,
1445,338,511045,0,,,
1446,339,511046,0,,,
1447,340,511048,0,,,
1448,341,511049,0,,,
1449,342,511050,0,,,
1450,343,511051,0,,,
1451,344,511052,0,,,
1452,345,511053,0,,,
1453,346,511054,0,,,
1454,347,511056,0,,,
1455,348,511059,0,,,
1456,349,511061,0,,,
1457,350,511062,0,,,
1458,351,511064,0,,,
1459,352,511066,0,,,
1460,353,511067,0,,,
1461,354,511068,0,,,
1462,355,511069,0,,,
1463,356,511070,0,,,
1464,357,511071,0,,,
1465,358,511072,0,,,
1466,359,511073,0,,,
1467,360,511074,0,,,
1468,361,511075,0,,,
1469,362,511076,0,,,
1470,363,511077,0,,,
1471,364,511078,0,,,
1472,365,511079,0,,,
1473,366,511080,0,,,
1474,367,511081,0,,,
1475,368,511082,0,,,
1476,369,511083,0,,,
1477,370,511084,0,,,
1478,371,511085,0,,,
1479,372,511086,0,,,
1480,373,511087,0,,,
1481,374,511090,0,,,
1482,375,511098,0,,,
1483,376,511099,0,,,
1484,377,511100,0,,,
1485,378,511104,0,,,
1486,379,511105,0,,,
1487,380,511106,0,,,
1488,381,511107,0,,,
1489,382,511110,0,,,
1490,383,511111,0,,,
1491,384,511112,0,,,
1492,385,511113,0,,,
1493,386,511114,0,,,
1494,387,511115,0,,,
1495,388,511116,0,,,
1496,389,511117,0,,,
1497,390,511118,0,,,
1498,391,511119,0,,,
1499,392,511120,0,,,
1500,393,511121,0,,,
1501,394,511122,0,,,
1502,395,511123,0,,,
1503,396,511124,0,,,
1504,397,511125,0,,,
1505,398,511126,0,,,
1506,399,511127,0,,,
1507,400,511128,0,,,
1508,401,511129,0,,,
1509,402,511130,0,,,
1510,403,511131,0,,,
1511,404,511132,0,,,
1512,405,511133,0,,,
1513,406,511134,0,,,
1514,407,511135,0,,,
1515,408,511136,0,,,
1516,409,511138,0,,,
1517,410,511139,0,,,
1518,411,511140,0,,,
1519,412,511141,0,,,
1520,413,511142,0,,,
1521,414,511143,0,,,
1522,415,511144,0,,,
1523,416,511145,0,,,
1524,417,511146,0,,,
1525,418,511147,0,,,
1526,419,511148,0,,,
1527,420,511149,0,,,
1528,421,511150,0,,,
1529,422,511151,0,,,
1530,423,511153,0,,,
1531,424,511154,0,,,
1532,425,511155,0,,,
1533,426,511156,0,,,
1534,427,511157,0,,,
1535,428,511158,0,,,
1536,429,511159,0,,,
1537,430,511160,0,,,
1538,431,511161,0,,,
1539,432,511162,0,,,
1540,433,511163,0,,,
1541,434,511164,0,,,
1542,435,511166,0,,,
1543,436,511167,0,,,
1544,437,511168,0,,,
1545,438,511169,0,,,
1546,439,511170,0,,,
1547,440,511171,0,,,
1548,441,511172,0,,,
1549,442,511173,0,,,
1550,443,511174,0,,,
1551,444,511175,0,,,
1552,445,511176,0,,,
1553,446,511177,0,,,
1554,447,511178,0,,,
1555,448,511179,0,,,
1556,449,511180,0,,,
1557,450,511181,0,,,
1558,451,511182,0,,,
1559,452,511183,0,,,
1560,453,511184,0,,,
1561,454,511185,0,,,
1562,455,511186,0,,,
1563,456,511187,0,,,
1564,457,511189,0,,,
1565,458,511191,0,,,
1566,459,511192,0,,,
1567,460,511193,0,,,
1568,461,511194,0,,,
1569,462,511195,0,,,
1570,463,511196,0,,,
1571,464,511197,0,,,
1572,465,511198,0,,,
1573,466,511199,0,,,
1574,467,511201,0,,,
1575,468,511202,0,,,
1576,469,511203,0,,,
1577,470,511204,0,,,
1578,471,511206,0,,,
1579,472,511207,0,,,
1580,473,511208,0,,,
1581,474,511209,0,,,
1582,475,511210,0,,,
1583,476,511211,0,,,
1584,477,511212,0,,,
1585,478,511213,0,,,
1586,479,511215,0,,,
1587,480,511216,0,,,
1588,481,511221,0,,,
1589,482,511222,0,,,
1590,483,511223,0,,,
1591,484,511224,0,,,
1592,485,511225,0,,,
1593,486,511226,0,,,
1594,487,511228,0,,,
1595,488,511229,0,,,
1596,489,511230,0,,,
1597,490,511232,0,,,
1598,491,511234,0,,,
1599,492,511235,0,,,
1600,493,511236,0,,,
1601,494,511237,0,,,
1602,495,511242,0,,,
1603,496,511243,0,,,
1604,497,511244,0,,,
1605,498,511245,0,,,
1606,499,511246,0,,,
1607,500,511247,0,,,
1608,501,511248,0,,,
1609,502,511249,0,,,
1610,503,511250,0,,,
1611,504,511251,0,,,
1612,505,511254,0,,,
1613,506,511255,0,,,
1614,507,511256,0,,,
1615,508,511257,0,,,
1616,509,511259,0,,,
1617,510,511261,0,,,
1618,511,511264,0,,,
1619,512,511265,0,,,
1620,513,511266,0,,,
1621,514,511267,0,,,
1622,515,511268,0,,,
1623,516,511269,0,,,
1624,517,511270,0,,,
1625,518,511271,0,,,
1626,519,511272,0,,,
1627,520,511273,0,,,
1628,521,511274,0,,,
1629,522,511275,0,,,
1630,523,511276,0,,,
1631,524,511277,0,,,
1632,525,511278,0,,,
1633,526,511279,0,,,
1634,527,511280,0,50215,151.0,
1635,528,511281,0,,,
1636,529,511283,0,,,
1637,530,511284,0,,,
1638,531,511286,0,,,
1639,532,511288,0,,,
1640,533,511289,0,50215,151.0,
1641,534,511290,0,50215,151.0,
1642,535,511291,0,50215,151.0,
1643,536,511292,0,,,
1644,537,511293,0,,,
1645,538,511294,0,50215,151.0,
1646,539,511296,0,50215,151.0,
1647,540,511297,0,,,
1648,541,511298,0,,,
1649,542,511301,0,,,
1650,543,511302,0,,,
1651,544,511305,0,,,
1652,545,511309,0,,,
1653,546,511310,0,,,
1654,547,511311,0,,,
1655,548,511312,0,,,
1656,549,511313,0,,,
1657,550,511315,0,,,
1658,551,511316,0,,,
1659,552,511318,0,,,
1660,553,511319,0,,,
1661,554,511320,0,,,
1662,555,511321,0,,,
1663,556,511322,0,,,
1664,557,511323,0,,,
1665,558,511324,0,,,
1666,559,511329,0,,,
1667,560,511334,0,,,
1668,561,511335,0,,,
1669,562,511336,0,,,
1670,563,511337,0,,,
1671,564,511338,0,,,
1672,565,511339,0,,,
1673,566,511341,0,,,
1674,567,511342,0,,,
1675,568,511343,0,,,
1676,569,511344,0,,,
1677,570,511345,0,,,
1678,571,511346,0,,,
1679,572,511347,0,,,
1680,573,511348,0,,,
1681,574,511349,0,,,
1682,575,511350,0,,,
1683,576,511351,0,,,
1684,577,511352,0,,,
1685,578,511353,0,,,
1686,579,511354,0,,,
1687,580,511356,0,,,
1688,581,511357,0,,,
1689,582,511360,0,,,
1690,583,511361,0,,,
1691,584,511368,0,,,
1692,585,511369,0,,,
1693,586,511372,0,,,
1694,587,511375,0,,,
1695,588,511376,0,,,
1696,589,511377,0,,,
1697,590,511379,0,,,
1698,591,511380,0,,,
1699,592,511381,0,,,
1700,593,511382,0,,,
1701,594,511383,0,,,
1702,595,511384,0,,,
1703,596,511386,0,,,
1704,597,511387,0,,,
1705,598,511388,0,,,
1706,599,511389,0,,,
1707,600,511394,0,,,
1708,601,511399,0,,,
1709,602,511400,0,,,
1710,603,511401,0,,,
1711,604,511403,0,,,
1712,605,511404,0,,,
1713,606,511407,0,,,
1714,607,511408,0,,,
1715,608,511409,0,,,
1716,609,511410,0,,,
1717,610,511411,0,,,
1718,611,511412,0,,,
1719,612,511414,0,,,
1720,613,511416,0,,,
1721,614,511417,0,,,
1722,615,511419,0,,,
1723,616,511420,0,,,
1724,617,511421,0,,,
1725,618,511422,0,,,
1726,619,511423,0,,,
1727,620,511424,0,,,
1728,621,511425,0,,,
1729,622,511426,0,,,
1730,623,511427,0,,,
1731,624,511428,0,,,
1732,625,511432,0,,,
1733,626,511433,0,,,
1734,627,511438,0,,,
1735,628,511439,0,,,
1736,629,511440,0,,,
1737,630,511441,0,,,
1738,631,511443,0,,,
1739,632,511445,0,,,
1740,633,511446,0,,,
1741,634,511447,0,,,
1742,635,511448,0,,,
1743,636,511449,0,,,
1744,637,511452,0,,,
1745,638,511453,0,,,
1746,639,511456,0,,,
1747,640,511457,0,,,
1748,641,511461,0,,,
1749,642,511462,0,,,
1750,643,511463,0,,,
1751,644,511464,0,,,
1752,645,511465,0,,,
1753,646,511467,0,,,
1754,647,511468,0,,,
1755,648,511469,0,,,
1756,649,511473,0,,,
1757,650,511474,0,,,
1758,651,511475,0,,,
1759,652,511476,0,,,
1760,653,511478,0,,,
1761,654,511479,0,,,
1762,655,511480,0,,,
1763,656,511481,0,,,
1764,657,511483,0,,,
1765,658,511484,0,,,
1766,659,511485,0,,,
1767,660,511486,0,,,
1768,661,511487,0,,,
1769,662,511488,0,,,
1770,663,511489,0,,,
1771,664,511490,0,,,
1772,665,511491,0,,,
1773,666,511492,0,,,
1774,667,511493,0,,,
1775,668,511494,0,,,
1776,669,511496,0,,,
1777,670,511497,0,,,
1778,671,511499,0,,,
1779,672,511500,0,,,
1780,673,511502,0,,,
1781,674,511503,0,,,
1782,675,511504,0,,,
1783,676,511505,0,,,
1784,677,511506,0,,,
1785,678,511507,0,,,
1786,679,511509,0,,,
1787,680,511510,0,,,
1788,681,511513,0,,,
1789,682,511514,0,,,
1790,683,511515,0,,,
1791,684,511516,0,,,
1792,685,511517,0,,,
1793,686,511518,0,,,
1794,687,511519,0,,,
1795,688,511521,0,,,
1796,689,511527,0,,,
1797,690,511528,0,,,
1798,691,511532,0,,,
1799,692,511533,0,,,
1800,693,511534,0,,,
1801,694,511535,0,,,
1802,695,511536,0,,,
1803,696,511537,0,,,
1804,697,511539,0,,,
1805,698,511540,0,,,
1806,699,511541,0,,,
1807,700,511542,0,,,
1808,701,511543,0,,,
1809,702,511544,0,,,
1810,703,511545,0,,,
1811,704,511546,0,,,
1812,705,511547,0,,,
1813,706,511548,0,,,
1814,707,511549,0,,,
1815,708,511550,0,,,
1816,709,511551,0,,,
1817,710,511552,0,,,
1818,711,511553,0,,,
1819,712,511554,0,,,
1820,713,511555,0,,,
1821,714,511556,0,,,
1822,715,511557,0,,,
1823,716,511558,0,,,
1824,717,511559,0,,,
1825,718,511565,0,,,
1826,719,511566,0,,,
1827,720,511567,0,,,
1828,721,511568,0,,,
1829,722,511570,0,,,
1830,723,511571,0,,,
1831,724,511572,0,,,
1832,725,511573,0,,,
1833,726,511574,0,,,
1834,727,511575,0,,,
1835,728,511580,0,,,
1836,729,511590,0,,,
1837,730,511591,0,,,
1838,731,511592,0,,,
1839,732,511593,0,,,
1840,733,511594,0,,,
1841,734,511596,0,,,
1842,735,511597,0,,,
1843,736,511598,0,,,
1844,737,512001,0,,,
1845,738,512002,0,,,
1846,739,512003,0,,,
1847,740,512004,0,,,
1848,741,512005,0,,,
1849,742,512006,0,,,
1850,743,512007,0,,,
1851,744,512008,0,,,
1852,745,512009,0,,,
1853,746,512014,0,,,
1854,747,512015,0,,,
1855,748,512017,0,,,
1856,749,512018,0,,,
1857,750,512020,0,,,
1858,751,512021,0,,,
1859,752,512022,0,,,
1860,753,512023,0,,,
1861,754,512024,0,,,
1862,755,512028,0,,,
1863,756,512029,0,,,
1864,757,512032,0,,,
1865,758,512033,0,,,
1866,759,512034,0,,,
1867,760,512035,0,,,
1868,761,512037,0,,,
1869,762,512038,0,,,
1870,763,512039,0,,,
1871,764,512040,0,,,
1872,765,512041,0,,,
1873,766,512042,0,,,
1874,767,512043,0,,,
1875,768,512044,0,,,
1876,769,512045,0,,,
1877,770,512046,0,,,
1878,771,512047,0,,,
1879,772,512048,0,,,
1880,773,512054,0,,,
1881,774,512055,0,,,
1882,775,512056,0,,,
1883,776,512057,0,,,
1884,777,512061,0,,,
1885,778,512062,0,,,
1886,779,512064,0,,,
1887,780,512065,0,,,
1888,781,512068,0,,,
1889,782,512069,0,,,
1890,783,512070,0,,,
1891,784,512072,0,,,
1892,785,512081,0,,,
1893,786,512085,0,,,
1894,787,512086,0,,,
1895,788,512087,0,,,
1896,789,512089,0,,,
1897,790,512090,0,,,
1898,791,512091,0,,,
1899,792,512092,0,,,
1900,793,512093,0,,,
1901,794,512100,0,,,
1902,795,512101,0,,,
1903,796,512102,0,,,
1904,797,512103,0,,,
1905,798,512104,0,,,
1906,799,512105,0,,,
1907,800,512109,0,,,
1908,801,512111,0,,,
1909,802,512112,0,,,
1910,803,512115,0,,,
1911,804,512120,0,,,
1912,805,512121,0,,,
1913,806,512122,0,,,
1914,807,512123,0,,,
1915,808,512124,0,,,
1916,809,512130,0,,,
1917,810,512132,0,,,
1918,811,512133,0,,,
1919,812,512134,0,,,
1920,813,512140,0,,,
1921,814,512144,0,,,
1922,815,512147,0,,,
1923,816,512148,0,,,
1924,817,512149,0,,,
1925,818,512153,0,,,
1926,819,512154,0,,,
1927,820,512163,0,,,
1928,821,512164,0,,,
1929,822,512178,0,,,
1930,823,512181,0,,,
1931,824,512184,0,,,
1932,825,512185,0,,,
1933,826,512186,0,,,
1934,827,512187,0,,,
1935,828,512194,0,,,
1936,829,512195,0,,,
1937,830,512200,0,,,
1938,831,512203,0,,,
1939,832,512205,0,,,
1940,833,512206,0,,,
1941,834,512207,0,,,
1942,835,512208,0,,,
1943,836,512209,0,,,
1944,837,512210,0,,,
1945,838,512211,0,,,
1946,839,512212,0,,,
1947,840,512213,0,,,
1948,841,512214,0,,,
1949,842,512215,0,,,
1950,843,512220,0,,,
1951,844,513000,0,,,
1952,845,513001,0,,,
1953,846,513002,0,,,
1954,847,513003,0,,,
1955,848,513006,0,,,
1956,849,513007,0,,,
1957,850,513008,0,,,
1958,851,513009,0,,,
1959,852,513014,0,,,
1960,853,513015,0,,,
1961,854,513016,0,,,
1962,855,513024,0,,,
1963,856,513025,0,,,
1964,857,513026,0,,,
1965,858,513027,0,,,
1966,859,513029,0,,,
1967,860,513030,0,,,
1968,861,513032,0,,,
1969,862,513033,0,,,
1970,863,513034,0,,,
1971,864,513037,0,,,
1972,865,513038,0,,,
1973,866,513041,0,,,
1974,867,513042,0,,,
1975,868,513043,0,,,
1976,869,513044,0,,,
1977,870,513045,0,,,
1978,871,513046,0,,,
1979,872,513047,0,,,
1980,873,513053,0,,,
1981,874,513054,0,,,
1982,875,513055,0,,,
1983,876,513058,0,,,
1984,877,513059,0,,,
1985,878,513073,0,,,
1986,879,513077,0,,,
1987,880,513078,0,,,
1988,881,513079,0,,,
1989,882,513080,0,,,
1990,883,513082,0,,,
1991,884,513083,0,,,
1992,885,513084,0,,,
1993,886,513085,0,,,
1994,887,513086,0,,,
1995,888,513088,0,,,
1996,889,513089,0,,,
1997,890,513090,0,,,
1998,891,513091,0,,,
1999,892,513092,0,,,
2000,893,513093,0,,,
2001,894,513094,0,,,
2002,895,513095,0,,,
2003,896,513096,0,,,
2004,897,513097,0,,,
2005,898,513098,0,,,
2006,899,513099,0,,,
2007,900,513100,0,,,
2008,901,513101,0,,,
2009,902,513102,0,,,
2010,903,513106,0,,,
2011,904,513109,0,,,
2012,905,513117,0,,,
2013,906,513118,0,,,
2014,907,513119,0,,,
2015,908,513121,0,,,
2016,909,513122,0,,,
2017,910,513123,0,,,
2018,911,513124,0,,,
2019,912,513125,0,,,
2020,913,513126,0,,,
2021,914,513127,0,,,
2022,915,513129,0,,,
2023,916,513130,0,,,
2024,917,513131,0,,,
2025,918,513132,0,,,
2026,919,513133,0,,,
2027,920,513134,0,,,
2028,921,513135,0,,,
2029,922,513136,0,,,
2030,923,513138,0,,,
2031,924,513141,0,,,
2032,925,513142,0,,,
2033,926,513143,0,,,
2034,927,513144,0,,,
2035,928,513145,0,,,
2036,929,513146,0,,,
2037,930,513147,0,,,
2038,931,513148,0,,,
2039,932,513149,0,,,
2040,933,513150,0,,,
2041,934,513151,0,,,
2042,935,513152,0,,,
2043,936,513153,0,,,
2044,937,513154,0,,,
2045,938,513155,0,,,
2046,939,513158,0,,,
2047,940,513159,0,,,
2048,941,513160,0,,,
2049,942,513161,0,,,
2050,943,513162,0,,,
2051,944,513163,0,,,
2052,945,513164,0,,,
2053,946,513165,0,,,
2054,947,513166,0,,,
2055,948,513167,0,,,
2056,949,513168,0,,,
2057,950,513173,0,,,
2058,951,513174,0,,,
2059,952,513175,0,,,
2060,953,513176,0,,,
2061,954,513177,0,,,
2062,955,513178,0,,,
2063,956,513182,0,,,
2064,957,513183,0,,,
2065,958,513188,0,,,
2066,959,513189,0,,,
2067,960,513190,0,,,
2068,961,513191,0,,,
2069,962,513192,0,,,
2070,963,513193,0,,,
2071,964,513194,0,,,
2072,965,513195,0,,,
2073,966,513196,0,,,
2074,967,513197,0,,,
2075,968,513198,0,,,
2076,969,513199,0,,,
2077,970,513200,0,,,
2078,971,513201,0,,,
2079,972,513202,0,,,
2080,973,513204,0,,,
2081,974,513205,0,,,
2082,975,513206,0,,,
2083,976,513207,0,,,
2084,977,513208,0,,,
2085,978,513209,0,,,
2086,979,513210,0,,,
2087,980,513211,0,,,
2088,981,513212,0,,,
2089,982,513214,0,,,
2090,983,513215,0,,,
2091,984,513216,0,,,
2092,985,513217,0,,,
2093,986,513218,0,,,
2094,987,513219,0,,,
2095,988,513220,0,,,
2096,989,513221,0,,,
2097,990,513222,0,,,
2098,991,513223,0,,,
2099,992,513224,0,,,
2100,993,513225,0,,,
2101,994,513227,0,,,
2102,995,513231,0,,,
2103,996,513232,0,,,
2104,997,513233,0,,,
2105,998,513234,0,,,
2106,999,513235,0,,,
2107,1000,513236,0,,,
